486.17831941010195
500.94908285534393
510.70439776117644
529.4824079731318
537.8279938557448
537.8666713472301
537.513984064729
531.4971793869628
540.1350487014737
528.8222716668649
530.1154232204935
527.6499785846829
527.0861133117696
520.2213136513554
478.03342473329485
412.11392883468653
360.47625223852833
405.0667046235361
723.1740455622034
712.34938508611
635.8454608801414
551.1851706590655
528.038643246302
527.1387749838043
528.7214254515932
526.5985661640908
525.3676311794355
525.3061691340636
526.3407356170961
524.1984438416168
524.9073010093837
525.3118557803407
524.8822800835213
521.63693823946
522.5718021115586
520.6172168658483
518.9363855794709
519.1731971152133
517.0845167713608
518.123835062801
519.5265336056717
519.0283991617785
520.7651244598088
523.6533409017547
525.0239278959563
526.8002843448269
526.6944225404219
529.385514405936
529.4850931800017
533.998703123536
532.3489515511145
532.8580677990452
524.228252053206
522.299689096169
522.0077855450593
516.8833455533976
519.4758281620126
520.946380374828
523.8053616324084
513.2001364079537
533.0788106355194
505.3958990206768
523.8448563175298
480.839818012056
493.07961795211224
466.9999499565952
469.8627364797062
463.8905395101761
485.8476282942463
470.467369563308
509.5216102316116
503.90151540927394
536.6493484966547
527.5673260684293
527.7461055259118
521.9875946256775
527.1530342267176
529.7870987504789
531.7603403769156
530.7499420507116
521.9902073405037
523.0754705725387
506.5908970385334
431.709632825178
330.07607101650376
347.5221571138123
518.5445814476001
634.646214087587
611.9167809881685
560.9052738450063
530.4086476994296
526.3812077278224
527.1824330336849
525.6248349373894
524.5018543279485
523.4787470651736
524.0092045282379
522.7936873765101
522.1323174766119
522.6621871160528
518.7353417059875
520.5740786589314
519.1187137623511
516.685168069231
517.4569693896945
518.7124942795106
515.0897787425808
514.2346668176338
516.1209713101873
515.2546617641203
514.7130043698772
516.992713025458
523.0907325829277
522.7379930026035
526.5342314262816
524.6068990004161
524.712863680356
531.3333847498227
541.5223473374018
535.3898237262543
538.5848042460817
532.0415840815431
526.2910746120563
530.0680135338209
523.7644545445503
521.3142827179531
524.6012211107326
523.7384052087845
530.3648666711262
517.4402459855419
515.2539917791798
501.4238607212782
482.74432249915753
484.8204222091411
463.6793849735815
473.7542477732185
469.6732854412535
481.0263996437393
492.34316896532295
509.0834281216596
524.1212363029292
544.256384385521
541.2603662592803
539.2490168809246
540.04106642295
537.1755718811248
532.6967692771069
532.7844314638686
529.126431590816
529.6676251867822
531.3613696683537
464.3765995263846
369.08998534513
369.8280806825243
410.1662628504457
704.3111417067275
679.2122123609054
611.6194163929117
550.7032508310226
532.6152905917074
533.0727428253249
534.0595623493683
531.3741391810233
533.3086977552007
530.8377952985469
532.2093297989823
531.6885734216611
529.9540507028191
528.6400716185317
529.0899711673376
528.0472283640609
527.4317656399153
527.692263487748
527.4723349143874
526.4512254475784
525.5112791620132
524.7122310110407
525.2849693052068
528.5197306482888
532.5659035444032
533.8859313574835
535.5918251994989
540.328509142571
546.4721117814724
547.2484126727686
553.982574714999
551.3028845420706
554.6274685693887
548.7523949378956
546.1556340486172
537.4478234298333
532.1363156484442
526.786634792575
532.309973830225
521.2019182044191
535.7731704974234
521.9938305686402
532.287250449087
515.3045648532307
521.6833008161645
488.60553089370813
493.21095854156124
467.70125505904605
475.83103576924157
468.59450870048823
486.3664715241732
482.1359389104655
506.51213651147145
518.0800175136012
532.8034001477572
533.7229344242195
531.4452966317958
530.7268670560968
531.9957769923086
530.3598718435314
526.7530081580077
525.8231950419633
523.2362911053116
525.0014062023604
488.56051794427225
449.83759070947684
308.61960659034634
323.3511541290138
405.5238560904825
642.5129813796373
620.7390998682854
558.0524934539151
531.7098802821517
530.859629290214
530.9583745920706
531.537394413526
531.3925631190793
529.9385386077192
527.8670702814582
526.4900051944611
526.2390259790399
524.3529156546122
524.940896352499
523.7746777016425
523.0823716439912
520.6547431404623
520.5033116051405
518.3862843664041
517.6696887950296
518.2281641405903
517.8776732124007
515.7350203136319
513.448191162357
514.7601949876553
514.6810998983705
514.1908067685174
516.7702254076708
516.2312823274008
519.0956468732423
523.6257024712847
526.541499062507
531.3690243233383
534.4299050000557
532.0168882576324
531.0350738256739
527.6744738983007
522.9308590716505
522.5742195980922
522.3564784806637
523.1325669613855
522.5490636999368
524.1966881122775
513.4840902122187
517.9401066917899
490.91000536049455
491.50880671142613
475.3213389635349
475.8308493076373
479.6519984417396
490.6619643337424
492.73666816690957
510.4977077244985
522.0963512908403
534.9053431736804
536.072541422291
534.0003951002574
532.4531199845611
527.0405300355617
532.8674457172465
532.0220035272473
528.2787434210486
526.4904624264432
524.9271248737462
509.0228688764415
591.061810116751
267.146470119758
369.4158726694377
753.3846688963272
790.9052296224575
734.9149310619903
611.6702072466246
545.9385764297297
531.5303873161658
527.9440376034468
529.6787566952157
526.8474495426914
528.1206142273875
524.8228872220916
528.8366130252789
524.8656218006183
526.4647294187182
526.6657974085596
524.9567446156871
522.9615037285171
521.8970778706652
518.7360289202863
518.6866655935994
515.5845152203823
513.9638031839871
515.6984620873455
514.7358138627792
516.9718942596734
515.6251845216595
517.2822025116898
516.7124410780536
518.4750367935478
519.5324707864182
525.8283563638614
526.6442043605132
530.0778372519637
533.3443234476493
531.4030562880358
526.0265395274258
522.8829227281483
521.4419465615313
522.4104460233295
518.6198170897256
519.595400633943
529.8969092368391
523.2535028645873
531.5470374028893
516.2830571225259
505.2559231448246
485.2140679397992
488.7507556624038
456.95828175125826
488.23307037900406
462.2889438231597
505.2476422425749
488.05615557051954
525.3018083765458
531.235537042197
542.5911525159898
535.7021844991198
539.6104548663811
538.881750529348
535.269903688423
531.8904299082374
530.2712072754186
529.0705467316343
528.1580677647236
516.0352281199887
455.6746392383908
395.7272373520114
362.7570328077569
410.07404468196023
714.8724268224712
685.6557848688644
607.9068149231341
541.8324681669403
526.5173437315206
524.8753674836682
524.2774347583895
524.4671714446043
522.5849683196701
521.7189251675894
522.4965594104866
521.6676952864962
519.9267200638444
520.1876891547149
519.3937319817447
517.2386330182039
515.7861030106297
516.212926901791
512.6410555424013
513.821588064008
513.5906618157453
510.5007651696361
511.14186878118005
509.3260260677554
511.4258592751552
511.7874012512824
511.95279893347106
512.950698410488
515.0094423875738
517.5286818341441
518.5782014103904
521.5703457178462
528.3342243010842
526.2852019309472
522.1383587589123
520.0302012676818
521.1469091905257
510.91823315485914
518.6031500413212
516.9868744484993
525.3337178665811
514.602045358913
521.5798253766893
511.4004957706596
503.5863869100815
483.373856127438
487.6912421130272
462.03641855611886
472.45179413676954
466.5953833203248
485.6841241162693
482.11439783305514
506.6009515807971
520.7056366756578
535.1056808328811
537.5105234952247
534.2621313620388
538.6592653635701
531.3272453594252
534.0240494347387
529.0569733446007
530.343699739642
524.6812228763594
526.4415321798747
476.66174027247894
405.174489998269
323.1984509353519
358.54971523990287
749.4290037060102
740.2642668749944
669.8661566030817
571.4065944216502
529.6034884405317
527.7174267330142
523.3881673988545
523.1946601818423
521.5266050829914
523.6539178749615
521.0438071991305
524.386218559519
522.5653439687471
522.882766772464
519.6430225909
521.3955230396416
519.2053418078461
518.629116875283
518.1708365934371
516.1643883531078
514.8540465462988
513.4893177253692
510.968483952401
511.78420108607173
514.3685376713968
518.1217141667998
519.4329338616827
521.1006971267535
515.1305828877453
520.4321978885396
522.6634809061798
529.408410077506
530.4325906135878
535.9650266954676
529.7612866609795
532.5275981718098
520.2072887366126
522.8575737924239
518.832763192712
520.106105262583
524.4331905688697
524.2179898856142
523.9038044154834
521.3575497678804
513.8905305915907
491.5433895669353
493.8562463048253
470.856031704148
467.4453162311731
470.85896828404395
484.62309210072414
487.9687232475213
494.20761868513785
522.9407864356486
530.6690016351342
536.9074963174317
537.3526238904576
535.8551475999441
535.8538017365042
532.723369120444
537.2257164997384
529.5138758785606
530.1250651633958
530.5912261353683
495.29635863395566
457.2264420797029
304.3807123557403
349.32338945627276
595.3890309135644
661.4759207316735
628.8826086223928
568.6909580647346
536.4245526538881
533.0695924674939
531.4376789906476
530.3856505695167
531.5150586951091
529.1297603229775
531.3105673719758
532.4732322732433
531.7549007409341
530.1361043820624
529.9589008524249
530.2379962578644
529.4730770246522
528.2907975136211
528.7810192031159
528.1760968727999
526.3998562070705
526.899197980084
527.5797946682676
527.9016144507001
530.2186882942171
532.3123576607638
533.3453715885848
535.0245341120465
536.1294611871654
536.766175448014
542.7845199510402
542.9985131534966
545.8429431995494
551.6209547764972
545.5405601283796
539.3743797015441
539.0300098705725
530.8282415924115
530.5875671859818
529.3792431682498
531.4267550427356
526.2445257091654
534.3362544199915
522.9780756093869
529.2772571617174
493.36673021361844
497.33777064448054
477.2774860560761
473.71919215567914
475.09533131622084
483.35560872351607
484.9173737657618
506.49310432628556
515.0096588379403
543.3602443454424
538.252044485409
544.6684038705064
537.5717912354944
541.9661128262842
540.7143840314213
530.2780670125904
530.6610521793623
524.9089240252434
525.7956911107376
506.8625862844166
493.54789395177477
304.10699506052225
346.8418744912973
466.5487105379344
682.0315315642683
676.4320490663271
594.2740192294136
541.186841407563
531.5706345180467
529.2697147550965
528.6555677898521
528.2599726125562
527.3870790145974
526.2819137028664
525.4512542577902
524.6695319884149
523.0610445273937
523.8324258060975
523.9452886107451
523.9090224678714
523.5491457229978
520.6292352933062
522.7718043822902
519.1395681513083
520.3466811861036
518.300522372745
518.7072763599285
519.359652855112
520.5736203790916
520.1194852192406
521.5304565691007
522.212301750186
520.6423098469065
525.1166242866351
524.3328702827324
530.0103294672596
529.1072221609859
535.1262546117285
531.4159579258262
533.2136885342118
528.6245374456862
528.4861644616934
521.5991390061821
525.8600275625088
524.1797838596102
525.8784220842526
524.6417365644066
524.1055015555454
507.49739747352953
495.4534521055963
490.55226341108187
469.4050459439171
480.50846273229854
476.48734190889337
492.5314459800744
498.57235651081226
521.2565657564408
531.2280347692913
543.8726941246148
542.345256278372
542.1796210455686
539.4186856440853
534.8041646394063
533.5640491896727
534.3616842478167
528.9506336332043
526.0987937384073
520.6945089665062
498.2435706138748
508.34089533439817
313.78137660243874
388.3992490018849
754.8901380526505
750.7242467537183
678.547314870529
567.036024195008
531.1112031575959
525.9858151231597
526.3430757992184
524.4995944535356
523.3281198287624
522.8509906454904
524.4488980671199
521.5437481969689
523.5751155990903
522.3508153100215
523.6891686792353
522.6420330345495
520.559812127814
517.9568606155018
517.978523051916
516.2852544761733
515.6918567241469
516.6957036140021
517.5979930024979
517.3799130434593
518.5559363064143
519.1717447638056
522.0544945222141
523.6228899072389
522.9543350950023
522.2606256868133
524.6741764588537
527.4126403304656
530.4536899180825
529.538382211833
524.4870066962145
521.627523856238
526.0534779095204
520.2124152707929
526.6582899393868
515.8182830748826
525.0165942087638
520.5757635032433
524.9455948740128
516.1369335231748
507.38623556044973
487.8562312764578
491.41504306570516
462.20095875689333
475.38012230658666
467.97423676455037
488.2470085132445
479.4877145527224
507.6801539225038
519.8567174781073
534.7723308228032
538.6681104511949
535.036049841888
540.4063753248752
531.1129382365759
529.2043873204276
526.4510825333593
525.4148975317299
520.9939972684994
527.4584689572796
482.99924742808423
419.70776813712854
316.50341041909064
352.4574363553654
742.7290605098403
739.9011165105135
676.2200258823825
573.9073111517695
530.3524698034815
525.034448227081
524.9593540026988
524.8554937534313
523.369255135664
522.9917811833758
524.4289522086265
522.9359872435012
522.2665649994825
520.6010535798587
519.5439505134912
517.8211960774963
517.3572749625203
516.5234380727472
514.3626152512492
512.2577315396128
511.4976550896986
510.02604492597686
510.77291393509245
511.9894017871387
509.7015699784441
512.9925616658555
515.3926981570091
514.317300444809
515.5175604997162
517.3873678616576
519.8895784243725
519.5818740031596
522.099743558951
523.9341374680448
520.2885202747647
519.8903812092869
515.0678170466676
512.57832816619
514.7801976936024
519.6743194665282
514.3949363076604
520.4851986710829
517.3872875630004
514.7420571601245
498.3349713931464
485.4592809301133
482.1147360595261
460.90827363408073
468.01574893719123
462.91934744276466
481.04391501092886
478.1877174794889
498.84032605373613
514.0936133304186
525.4134494148955
524.6758759223686
531.1245345574491
528.944656460151
527.0618876567655
524.8774925128496
526.6509929324517
519.9168835150333
513.8796971608538
515.3403948205118
481.77085970597454
443.7595536067547
305.8831851147688
346.2294969799178
690.3192479882613
720.5561115180772
681.6682711330631
586.7644352829304
535.3524962173791
527.1048544386797
526.2972354302176
524.7632555567845
524.7229729275756
523.789750305701
524.3371783047032
523.0766642746136
523.9818558703595
522.0969218416182
523.741662320733
521.5499554771113
522.6849617604399
518.8378915180745
517.8592247836526
514.2326395553615
512.7371366927243
512.0644438629346
512.596659306731
512.9760481508721
512.8028380638252
515.9471772652971
516.3545041945296
516.3498173009284
517.7609218727611
524.3559771577039
526.4195923928855
526.3320588686961
529.568834889196
532.7228845532284
532.7785475314168
522.9718384535648
526.5433466207411
519.1919762771565
519.926791148246
503.2696296646808
520.0772840738607
524.5887859059483
529.2999391782116
506.0710165176301
525.7462349074847
478.7227765971408
495.7649964002135
458.34668821940465
475.9383537344138
457.304157951034
488.14642753108023
477.29060632926127
505.5342152815481
507.7841765740402
535.2585360488142
534.6688075464231
537.3584930819463
532.3636084549703
539.5639544040192
532.5672691767217
525.9469205245608
530.2617055030256
524.1379020525936
525.5111781233305
504.44844172171724
514.4265526403274
295.2617502577609
369.7007148154357
677.8048666119357
733.601174710917
693.3617407739696
602.9069796434164
552.1853611013192
536.9208290898672
534.2031987605562
532.8273858355162
533.738832264637
533.2371852974096
534.3870881528758
533.368502919449
535.7268278013491
534.1109687433977
532.4824290854413
530.9888939861278
531.316345095183
529.5699487380874
527.2367797045627
526.0343169170675
525.548520849171
523.9456384734965
522.103128910848
524.9556173549756
526.489664463874
527.0941195855474
529.0140537392494
530.8236811380565
530.4295467875437
532.1761301603487
535.6598220460353
535.6463766180092
541.9356457781519
541.3040626894814
541.7321168244757
535.7908139349954
533.0244850511704
525.0083469551921
529.0938312593081
523.7263651695442
527.9924923234935
525.7258242230048
527.7856389916391
517.1966632985169
517.3484974681488
495.363440679766
489.8329150279645
473.80880425853087
471.49643013788386
471.7878557503101
484.02358406366625
486.62419038256485
505.3105184511836
514.4490510995894
538.5836210768193
538.0115645943122
539.8480684398727
543.9896449864866
536.1808135491254
540.4297220890646
533.9187054908954
535.4023024493907
531.8250475744202
529.0573528352687
502.1708985459185
500.2956945986956
291.1970801177576
343.1233292400549
669.4076656178469
734.4963466670657
696.4946830263675
594.1852555251205
539.5730233485199
532.1242002706268
530.1818165353056
528.6653872311608
528.0048430737849
528.2739329901685
526.8750636892061
527.0493920352378
524.5792335026287
527.5115932931178
525.8222195473678
523.2701643708591
522.7575075321809
521.8036716311326
521.0024305788554
519.3598547515106
517.744133896203
516.7798916100262
518.528096008447
518.5220212385368
518.4943958726167
518.6168622778342
518.3115759115578
518.8197381496079
520.3372858717264
523.3047713455696
522.0358300087952
524.9046792051148
531.8790423955157
534.8963115431106
532.7429921849443
527.2218924881092
525.0356798391225
525.5448522886057
519.0212798786816
523.7794516217314
522.256905524958
524.9227879426722
524.5985270064473
524.9793734178203
509.39441203535654
500.4223149042981
486.36855526459374
485.4964805464427
461.9099247956568
485.3583279050905
474.3361130729736
490.40085378131545
494.4135450853018
519.1098075310745
531.5871395621464
534.664984371778
543.0341761630557
538.4820104169845
541.7732804024529
537.6825395446552
537.7244364586905
532.8756324561227
531.1959232694696
527.6724704442079
510.4678466544991
481.3056898645541
335.4097926010219
369.40253985137196
555.3362680575394
690.5283945803503
667.8970458607891
591.8307136048325
539.1922467983778
527.6293513633364
524.7922826316858
523.0761666106995
524.329995056305
521.442324938694
522.6493925659998
518.9007668191277
522.3545728313358
520.4471147735029
520.3265930767883
518.0778763308027
519.2423638450025
516.6476004076494
515.7498821772003
512.9849867828752
512.7751544835083
512.9242525399073
511.58833514304433
513.3856904091831
512.2456920757322
513.8033176533625
514.0684912422494
516.2310241365172
514.3573314547214
519.5597396842045
522.4816069763486
530.4777043457873
529.307434972266
532.1428509148416
530.8385817211453
529.5397006395235
522.3674803448703
519.1343233975646
520.9291032903823
517.2267961286132
529.127713149459
518.4007971682214
523.5521569507647
520.2543938914865
517.1067528173685
491.3188076184705
497.80204307931587
467.03193093683274
482.33012331644466
460.4826265885122
497.47381857709865
472.19400907867305
516.1074761109177
507.2877486536247
540.7274684533309
540.451559050421
539.1297228419015
537.3693692093145
532.4421871244833
530.3436874730398
530.6642603677974
526.0579711087281
521.7697928088784
524.954310129921
494.6130668300368
421.3855014442239
313.2528483675894
335.0395716987921
594.0139389152657
663.0250357291678
636.9232895606265
570.5007658468651
531.985370960351
524.3096499862356
523.2814446525722
525.2069426640081
523.4461764819683
522.0175422536024
522.9967619019656
522.3199715954133
522.5985357518914
521.2765407237691
519.2705795142833
519.4605193330367
519.0846550924678
520.5379603184092
518.193886322064
515.7557172546947
514.1893708980485
513.5692198467923
513.1012167101362
515.3064658032333
513.5092914515028
515.3154092596068
515.8766486274944
515.7496327980418
518.972334028719
525.8812740520415
529.412084198271
530.2465474710482
532.2231526383168
533.6209397475931
529.8758058524604
523.3000894016225
516.55571017219
518.6832986510742
522.0486414460547
519.8954275722161
522.6463835558887
514.7333583787537
520.596819690722
515.2909880364119
499.29267378181635
495.3887729867729
477.51988562628117
470.1137242678542
465.1501638264499
474.71756865656437
479.0072437933918
487.4384164316126
505.1107040222333
523.8489605129105
532.76724234364
535.1479393126997
543.154266780339
539.4381506938062
535.2821713189778
536.0091927030609
535.6033560097051
532.0667391368697
527.9927163846702
531.3389229951673
472.87294458563866
402.79405884033423
355.62181041356234
393.0865853237431
686.8365392517387
686.5846081866375
633.1422587655466
559.526404433205
534.9091808740366
531.2628590768776
532.2819099551419
532.4659722943445
530.9325435986502
530.1791532013206
530.5185480327037
530.8710628785022
530.6220432292112
529.4865777246016
527.7427241535363
528.972053532389
526.4535825660746
527.4107970892055
527.413589843125
524.9949139409571
525.1411574844259
524.2190837511713
523.3806028447043
524.7270506338629
528.043969473018
528.6298645698524
533.9435805262393
539.2170888898228
538.9097881302632
546.170435449799
547.0771734624186
546.6119929580694
545.209229857731
546.4804172376132
540.3532606090511
538.0036882381754
529.355181263908
527.5255429589466
525.4804918684586
528.9847672330424
519.930369788133
528.1212151635414
523.6215947683297
517.5701504511254
505.70346039996537
489.2260170699357
482.10185858190545
469.2115115843467
474.04514746259156
477.3079278941824
480.7795188460442
500.1075376779314
515.1230603168881
528.7962022930006
536.3025229478152
536.1125499982261
540.1127788830506
533.116521450509
538.231709731818
533.8061284503452
533.153260197231
526.4125399847061
533.0982458088971
517.4031700258167
447.56079396865516
330.51479170548373
341.43731592883717
359.76474030227587
725.03017327887
700.731068358134
607.6874476753414
544.0864240525693
532.7201515569758
531.7582592543748
530.4132594135423
528.4640732559226
528.5991999190524
528.7105521748229
526.4491122733265
525.5416450428829
526.242550236492
524.7308856464639
525.7105606689493
522.5492679216047
524.8186697067185
523.5559531801136
521.982849490513
521.367546393364
520.0243478521236
520.927800652759
519.0729427455115
519.037259724704
520.4528812327922
521.2695751373928
520.485352952407
518.9900879188122
521.5837493242118
524.555438142002
522.3616147568242
530.6814802873754
532.5108525351145
528.3773729980053
529.6489278278975
527.0144721240372
522.6196530069171
518.0497044377955
521.102918455583
515.0372211169599
524.6039880313042
519.2078698540005
523.0351925682435
511.0152382054748
500.8108172048686
485.03366904781933
480.84000158361994
465.38830379443345
481.4645586975305
476.663623240844
490.77566760525207
500.4570126257462
516.7790705217449
533.326120564858
541.4729829705977
533.1270992801722
537.2378390444235
534.5416212248967
532.886892491026
536.0854407356303
529.0210252323349
531.561197217238
527.0424506024095
508.739905914398
504.7135006111572
308.48912280302505
356.39803879043706
565.9251517312698
697.7204915246623
681.8571732063849
603.9363789448144
542.1221079361553
531.246327859702
528.2392485683094
527.9058756664524
527.3150210963718
524.1375646550312
526.8105603219799
524.960999045566
522.683830757515
522.2587979717487
523.1135996043506
523.7503835025689
521.6642615314236
519.9361748950722
517.6066021190618
518.2572233930812
517.3996855908491
514.3345958120175
516.3522757970575
515.1274670185705
517.7163792177175
517.8101189362638
518.077011522972
522.7132246531535
523.585254922746
524.2515473860316
525.1010850343168
529.9237899245836
533.2625475688521
532.7754715608976
528.7909452566771
527.8754497023134
523.8099851059125
520.2720090783466
520.264183018081
523.1773040939582
520.1823400513802
524.6516744934257
523.8172809453005
524.2831059440091
512.5734520003826
495.09152320925637
490.2651101657093
469.5699103242425
479.36549205961353
470.9119784800275
493.6224605320582
485.80799166244645
515.2541365663991
523.1500424135336
545.523004673486
542.9058622933215
545.518626956495
543.7889571034474
547.1678961446437
543.3008595515344
538.1730557106373
535.1837039566312
534.2577235446794
537.4913755011781
482.76650515389923
386.71350330310105
325.683592184134
345.6254636876283
746.6545041046029
729.290870930331
660.3105217674802
562.419726469059
530.093085312808
527.3707775765279
526.6350025644756
524.0313262069125
524.9653525997652
524.4001648169221
522.6699522957086
522.1404000015597
522.9710945839339
522.2331473726247
521.6938879243962
520.41354754354
518.315609724477
518.3172696288249
516.2643945768633
515.2585811788502
514.3730496527642
515.7981300809013
514.8587659639535
515.6993367462663
515.5658873489617
511.69398670196904
514.4705073702664
512.6967798685627
517.392608718932
521.2575303665925
522.0384267596638
523.3133556046682
536.2755031537812
528.4010140239859
532.1761001319945
524.115096232245
525.0649950383656
525.9780339050267
522.8679060771663
523.7288915173186
527.1068246767563
517.8065745423587
529.6430826666283
517.3636592530346
492.856399937933
490.82284622859675
482.05977755603527
465.1550487837916
481.4290789347506
473.6531947858341
491.52164608606654
498.83112209008675
519.033337694902
537.215828309465
544.413208920245
539.9958182011778
540.9625797708454
544.9276975923613
533.8091590793953
538.0019813919815
535.5643270913685
536.8928546223408
530.5951173719606
511.37983303427336
419.82083742087354
343.7834928198181
366.30844496954575
561.7213414195738
647.4912925029764
613.8074463047658
561.9735083845034
532.003845151194
527.7666538027867
527.421456177697
528.9981647701233
527.5507893868206
525.6391752698153
527.3135908675804
527.6495366530985
529.5532656738737
528.1726033479372
528.5527154159237
527.9329530928487
527.0959495880038
528.7046782793461
528.3235570085185
527.2700031810576
525.3274561079686
525.2157409860608
524.8825164536905
525.952435265202
527.5149055788032
526.9884673755762
531.6546440882614
540.8715177869874
542.2302484113343
546.7476629656142
548.82908178157
549.7186593995909
549.6244238988626
545.2027742394209
548.4328532072839
545.9755487195312
536.9548903153459
534.7374515047732
530.0689901651245
530.875001499233
534.0282964540338
530.1082484175026
529.2547405095291
527.0593470203723
515.2184423807639
496.21435987711317
502.77231158239124
468.26125765815306
493.59734200309003
463.08704581946176
510.5193329921011
480.3211694979068
524.5010917236336
518.9999742026633
540.6466899371758
535.4478335290995
543.1086457795432
537.1903815249955
539.0450558118808
538.7931957681299
533.4808016635524
531.8437340740581
528.0557438081662
532.7962015823925
466.77866231887094
389.1154945201886
330.5060541063057
325.83538092356747
642.7263600614749
637.4216755281633
604.9202884366773
557.1516563481412
539.7482907064225
536.2304988524768
534.291959714819
534.0445975525515
534.1617475013205
532.4288431508335
532.5013284614158
532.7542688204902
533.0998312420877
532.3567098942231
532.0242390837107
530.2714375155317
529.3846413184696
528.0272059341403
526.1351225306001
523.5183034126055
523.414448519535
525.6796813693513
524.7414512954966
526.7762127985504
529.9413199745989
532.1060576136756
535.4203610309435
537.2609834405789
538.9157748827265
539.2342094400874
543.4375659714003
543.6207034350127
546.041755512191
540.6591326731063
543.4805389243692
531.0913821195245
533.7667558599684
525.996404212274
525.8003586464288
523.9597805082615
526.1123096870011
519.6536991987476
524.0844147611639
510.47585123691533
504.13574243038966
480.6127613670808
485.5554491344728
459.37087842010385
477.50255937921014
470.7271482686549
485.8798912435484
493.9768769984304
509.4085650696612
525.6179412781545
529.4360307794364
531.2148014532106
530.8304780974756
534.5335187946666
531.7656544347303
529.95820446195
524.5308988614763
522.9096727322926
527.0234065642998
515.7072490314386
490.3958048553893
374.3364370351188
390.30154841071953
437.28684358248177
720.0615745841254
716.8322056968786
626.4551649526348
548.2456385215468
531.3548405886664
529.5724611003013
528.0372294377075
527.5216149541416
526.0190677168617
525.8585696946886
525.0033669637828
525.2309117272713
525.3708474631712
523.9617215732168
522.2902126756198
522.168205393647
521.7106745994654
522.0776805750744
518.3813275115089
516.7345339729754
517.1032284101224
513.7093042462728
517.9026150914791
517.043334636415
519.2886734229884
517.3892183934659
517.3239187067802
517.189745685519
519.5740583145342
517.9025685971295
520.3109592633491
526.9870851884035
527.6350685982145
526.0782989613567
522.9641074739195
523.4454020146518
517.5800553372517
519.7739947090269
519.7694510457766
520.8691457853987
516.6676099534305
525.7168493309567
519.9538005490112
518.3679346804561
496.2938906743194
487.4522103309025
482.9290822139854
467.100155134165
474.7948194112421
482.53389388062953
482.1331040815429
502.5207103132026
511.928337135243
534.8712233183533
543.7037161347655
542.3965910990473
541.2509896561555
536.5810543269376
539.5055755831299
537.0862472601447
536.4503816486224
529.6465951939672
530.2100946976235
514.7321865052203
451.1561611216866
361.0505446151841
354.3826149282731
472.4468611532933
643.0595093718334
619.0709945082241
564.11557704287
533.4863061452261
529.7085024231485
528.9723993910998
528.2285946353841
526.4786024547774
527.2519323290297
526.4679875437782
525.227951084368
526.2197570655741
525.0925894677919
524.3283889156048
523.9126275672228
523.1278864304934
522.7393264693873
523.3150934127428
522.1567007205878
519.9618347755916
516.0465334471476
519.8527909625607
518.2247087879186
521.4291213731851
521.3950965101542
526.1432859299415
526.6109757437821
527.822521734586
528.4772551686656
533.2881980426482
535.4916093739881
533.8669766353023
534.8708303892233
534.827191092843
528.9323478841745
522.8226347157021
520.4542375829427
519.2630241927145
523.1018474607166
520.0512087498724
528.0219591800794
520.5235381138375
526.6340190660885
515.2817241173891
496.19446323541706
490.58504645780135
482.321010729209
463.98274596718505
475.2276827899133
476.3554179619757
489.2098558750537
494.24929425337297
515.4216040358292
528.1015754293069
531.1193901394611
536.8251938484668
533.4999341570116
533.159303550357
534.6073868042649
536.3531045174586
532.5668983830762
533.7043785298129
532.910347258451
510.0251596865111
410.71482644728144
341.9535368370584
337.514392140631
540.4402708390135
617.2333005501581
582.4241075601814
540.5916303318515
526.1036618877672
528.7279620762331
526.3061790633881
529.4531574168884
527.59469394577
526.4921213540156
525.0370489606341
523.6858600113063
525.6355103538729
525.1528001723423
525.0539690826324
523.4689204914947
522.2722373665724
521.7219871965814
520.0094470744143
520.5305083168945
517.0921681440731
517.040327355921
517.7971007110738
517.661417535612
517.4465524499501
515.3109245461841
521.9743741492755
525.5763810921846
519.4305719645024
526.2291673831262
525.4447843133985
524.695090434687
529.1337052409983
526.8978504103844
528.7878378166304
524.4625258790817
529.809709158062
529.8563672717314
527.7012413856761
528.5597044263544
526.3211245510041
526.0346395268273
531.8297818759124
530.2445828265177
519.6465271069485
503.4442622724165
490.66911535996394
475.0295208846196
480.89837986262114
476.99975201491986
490.0106433280401
491.55103320735486
519.1405152351963
529.6015964532718
544.171265779205
544.3422410560345
548.2923038507395
543.5907711385539
545.7973491312775
541.4273217002985
539.7581592974731
534.7483429617091
535.6406199430934
533.7520612419522
461.7943824442271
358.63676590079194
329.1790221269865
336.36196667127774
739.7325774099368
699.0244848290058
628.2152849647769
560.8490542707195
542.3108619369298
540.3366035284474
540.2716053637037
538.4308557055647
539.577221920715
539.4086710407573
539.2376443796722
538.7221850646656
539.5177979873367
537.9243948076078
537.9440848047652
537.6810792239402
535.2094272820407
535.5336087680573
533.3295069869467
531.0158312046415
530.6470821686198
532.4870077606556
533.1416342051555
535.4088545671884
537.283654273507
537.9385494533356
541.2163804006284
545.4958956376337
552.430524934374
555.3202642268141
556.9764721732809
559.0004901444979
556.5456104104953
552.3390828768142
545.5180482808543
533.8435799371929
531.241560283853
525.1363626982454
530.6384685475798
518.9609639170831
533.7250071722902
523.8422055367366
525.6129456518363
517.7647807682387
507.23678754979903
486.6377345229717
486.9583151332605
463.6338950318992
478.83968620196316
469.2411985750322
487.9879008800357
490.46509809718555
510.42379502479594
524.3733280053198
532.5732443568273
531.3792692852082
529.948327911883
532.947195043977
530.0926198415073
529.9089832713018
527.7177473846166
525.8360040576979
525.9266350711376
517.1617376785433
470.51334180334476
363.4540502642991
365.004135703841
389.5674510507061
688.418373756846
682.3784161155365
606.7360800368108
542.5898051192255
533.7060866199232
531.2525658968482
529.8026702024159
530.4531643392738
528.4043962857234
529.1298437248207
527.0460912885665
526.321538412182
525.1101475603932
525.8091663210934
523.9277958533395
523.2536045632123
523.1743154791668
522.3425451368969
520.6459462590265
519.6760860679008
520.3188447753331
519.1299312352436
518.2198496900974
518.0543181930215
520.9727698240608
521.7444014301188
520.9907191629993
521.8960200807667
523.0506975685964
521.9327339719835
525.1888130890122
530.185402876937
530.3525430682296
535.8903211882648
533.7516217313412
532.2573273350376
529.0833084457768
524.1309164271946
526.2086535678586
530.5252449143932
523.5308147767223
528.5562526242489
524.6004417564503
527.1145648648062
520.6276356662927
500.24555043104147
488.80999650881284
478.7802372361532
473.8863980802751
482.73180350322934
488.47540083468607
498.63842890123715
511.8823467756049
524.3292075617187
550.4353355369244
544.8713217401868
544.9289768046528
546.9702534732153
541.5691973307146
539.5398263390605
538.1076160446567
536.0582151592768
537.3152866644946
532.1581823961029
502.93893072202195
516.6919044421618
269.9126664285322
320.222999126534
801.6510879049263
792.1173439881275
710.3690648007505
584.2740125073645
533.9862986114091
531.5729487990794
531.8837688742327
529.8750822210335
529.7440246147555
528.5496757178652
528.5937643330763
528.1815224970618
527.3052839047716
528.0417907549052
526.8969897567474
527.3978276104751
525.8553202768053
523.8646467650444
525.3520337458128
523.3087075517404
522.5864874012373
524.5336025162785
526.2661500684387
529.4318602571823
532.114762319853
536.6420846161944
538.7885888717437
540.9511932043192
541.4176854826708
545.649364497744
547.0979816135791
553.2640461401872
547.6008953791483
546.388140408538
543.3129579045828
534.817713470826
528.5711711762576
534.3745305379648
530.4140029654347
526.3886857897819
532.0357372594082
536.1835922429165
534.663119901154
529.2978621109443
532.2679378645471
501.0912996806363
499.36306885085787
488.83180762825737
472.37416875551526
488.77860531277116
481.83108967067733
498.01210695991284
503.31982791904295
521.6246185909145
541.9278450119956
543.4889069235995
545.2031442681453
544.855582668301
544.3989974909651
544.0375485786926
544.2629546389977
538.606648336558
535.3044305549363
536.3164696326744
512.9382000103855
426.1508676162624
332.76653851878564
335.48531664251925
550.2418909832068
620.2782214409921
588.5491604459539
544.9289592898352
527.6570029108645
527.4844312165707
528.9732342788036
527.430160743756
527.0262658049066
526.6953142457565
525.6005277307653
524.2077813073633
523.9881430482947
524.0331751662416
522.8930238124749
523.9149706905692
520.9284410501414
520.0372685593529
521.617349214011
521.9839651358463
521.5028838212853
520.650055999962
520.0061962481709
519.7176026123374
521.9207351224671
523.8609799680065
532.5858387301002
535.0791893088892
538.6938123452376
537.9862439123935
540.860583920007
547.014136735227
543.3062735878004
541.0745789494824
536.4765986018984
542.0036163342945
544.0674582930376
524.5927234343405
524.7338861181106
524.3840071034479
521.4908629106814
533.776688427119
536.9716823435019
521.0110711681291
532.4930006502115
508.8108312134931
494.8552094165003
489.10433594007725
460.7825691446098
474.3875880589737
467.40126771959706
495.7367860196724
485.3754714242389
501.9266954447603
519.341567180609
532.6229030152857
529.8064746060575
546.6854966833016
541.1700478019784
542.9275902962166
538.6828856266882
535.351195274654
529.4105939131712
529.7156069433281
530.9879023765944
483.66587247923076
424.07482787845026
368.7554766657102
426.8644390139279
713.5790305533869
684.0790334596416
606.3721425996689
547.9586706044262
535.815902896688
533.1664519839892
532.4312387594842
533.7815810381734
534.3726172866138
534.2443998073259
531.086110899854
533.0443886617284
532.2097406346531
532.7960211125638
532.5193482885986
530.7300021131289
530.6073585168313
528.8118251335732
528.7030333509904
529.0736618617261
526.568715117281
532.4615260212397
532.9151755766895
533.8065630822623
537.3973675862572
544.2412164385544
547.1763953617652
554.8768409151978
560.8349404839616
564.2054463695907
564.8423298686153
568.8999448768043
565.5410115247374
559.9936513156131
554.459419281563
545.2968514674258
541.0119661653964
532.0164892681186
535.4980904110317
530.4607776615915
537.1024103194031
525.1660519440502
534.6771211868827
522.2473119234601
529.515878107108
504.4098548343793
496.72962941650366
482.1231567145007
476.4666871190094
474.29961412952036
484.85471119137424
480.37868940055887
504.2312280199536
510.30199599460036
538.5693903627935
533.8296617073827
541.1226170360135
537.4324893129499
535.6589016953537
533.2706324441031
530.5859504558991
532.0114195557608
524.9999826843067
532.2005588309911
500.9149346352907
436.03909140037683
311.9025578448244
318.16730240688275
365.7875193647626
691.5550794987394
663.3683574848149
587.6637343406998
542.5757950938648
536.8030121844622
537.1271201024422
534.4118759380465
533.4430728229444
533.0335733091132
530.9824662244977
530.6320198056615
529.5082060339595
528.5963951938518
527.1267245503614
527.1737833993943
524.8785100904367
525.3517243547792
525.9699812493569
524.5684340792166
522.2621906931113
522.4593774821129
524.6108395928395
524.9667834420832
526.1802974627615
527.2834372574057
529.9382506204417
530.3895831800806
532.0582537101913
533.6005313918238
534.9765358798727
535.635049984677
536.4066250378969
539.454890636131
540.004856189885
534.9018204371524
532.0210411547208
527.3607586201688
526.9355205330578
523.1289318573016
521.8851211237591
522.9193959675567
522.5923901798337
517.846101420103
514.4200699163014
511.58535034162753
489.8021470104353
488.97330813493454
472.05847536197655
468.26716971860435
474.75901470477515
480.979144301926
486.4624816834744
502.54946000298946
513.1684654131228
531.0684031626281
532.0236831105635
536.0760556605345
534.3495323852276
531.9001618516404
531.0429598052488
528.5074466136941
527.9870366605626
523.4636267741648
525.5232538356953
508.66896359781674
585.2683321682505
272.8055711968802
349.80536148986516
702.3446235747888
767.3116843318685
720.299092185265
605.766068657022
546.4713680122185
530.6703980091891
530.5643966558151
529.000054060584
529.6913777685979
527.2840641269845
527.497107297751
528.0183113867722
528.223755638725
527.0096242483012
526.1251854702485
526.6604481486834
525.3118139143696
523.3388337218818
522.4642044483488
522.3122001857985
519.4661798505098
521.3172350840089
519.4018720378593
521.0561783366243
521.7811073541441
523.7521244253695
524.5068700177069
524.9828109447478
526.7432434335576
526.7608967058726
530.0997419358616
537.1724897391157
535.7079398435429
535.9006828637988
536.0789175669393
530.3290882992796
531.4211113840379
521.6806376930205
520.3941720919748
521.5777741899583
522.8831176695489
523.4744616033963
519.2600668223189
527.392724035952
520.5054044152604
510.87176674047225
490.35135072171437
490.0063086047527
468.31696712233133
478.36101864704165
461.9359142740562
501.52570663342203
472.56973262999963
520.9993650592575
514.3893679747221
539.2656014526119
533.1582844735832
537.4538600993087
532.8353106354226
533.2223566723701
530.7374598910524
529.510386914354
525.7537603393686
521.5716556249671
523.1418555932513
486.21017419405314
445.4235033212252
309.39628977719985
343.2901242958041
757.1052676183313
750.4527454196427
683.8572542835233
577.4827370515098
531.4798733886003
527.9274997433421
527.8844360117037
526.4281878620563
527.4787359362449
525.124017271622
526.4567070054875
524.5747197147903
523.0242970429993
522.5938993946813
522.6672162253365
521.6127765954399
519.3899897457832
519.38318593383
517.6908384801584
516.1848317455965
515.7625606479897
517.3344519377192
516.1548824175727
517.9530653888553
518.1564717029468
520.2533579953694
522.9078962053704
524.6190291649752
525.5084310165747
526.562868457668
533.5352281486058
532.9142053320954
535.1886983974712
532.9203489265635
534.9342083150187
524.4933283366361
521.0375651213596
508.7569537081624
518.3463442887069
502.0025888718055
520.4484454989956
506.0245974557673
527.3578028400134
502.7301220191905
519.5737852554698
490.95395664970977
496.0461007725571
470.5491108889077
477.54249663659925
457.12907835887006
485.9279260946277
471.8647466585861
509.7727239012539
502.6204308172937
531.6541872809
541.8427956093684
541.1410923574626
537.9094957314097
535.2388504106223
542.2006745514639
543.8906361624688
538.7205508615959
538.0415934194655
534.3886773024194
510.7449762149065
444.0342557487463
338.1828002999567
354.13455564644005
501.10993425948675
653.3352794229869
607.8984011971522
556.3151503860322
529.6821758261992
523.0925325678443
523.1952822164919
524.2719064987832
522.0160919230195
525.5224389759719
522.2633195666996
521.0561375129464
522.659077099789
522.1150507648042
522.6263352374141
519.4594726110847
518.2803986881463
517.5015234160185
519.5717408882247
519.6215276575592
517.6422172690801
515.4659457293068
516.5040783209682
518.0214638776636
520.4188949300917
522.4048311966393
523.7766877550299
527.6065385768361
530.5047586320184
529.9064493907113
532.3061296462674
537.854652869969
540.9436711407558
542.8533485752599
541.0574563828285
539.3482504364458
532.6011136012914
530.0192548045637
522.1893789430808
529.9664016612804
518.4838886621808
528.0286388351806
522.0318252161803
531.3467630056766
515.366348461069
524.7005685062683
485.2161553044517
501.4543493744676
463.24589380824136
490.5742652978873
461.20135216394385
504.2714265890494
480.9914124031395
523.7184603168507
521.255720988192
544.7930108044629
540.0989457426488
536.2342608152346
535.0917721188265
531.4346094763572
534.2400894190836
529.9509429698993
528.929256152734
526.4746126919606
531.7913428905982
444.41776003203256
347.38198582962275
321.64921547593076
322.1627691849821
715.3771543847242
679.4809399213872
618.6928970115666
555.6752983513563
538.3537841336733
538.1428275721962
538.7810260454607
538.2548123572462
537.1977662368172
537.0269093052448
537.2551928981427
536.6368400029248
533.6290499100812
533.7338278657227
532.0132297405614
531.2693544380136
530.0682529871806
527.7056896792733
528.0525094648269
525.4610318009321
523.4283483716005
523.7778125395018
523.3295323284152
527.7388071410714
532.6187792184871
533.914248394787
537.3274662716851
537.1778664056608
542.460040608778
543.7719570439972
550.8793981067815
547.2791126016978
548.2597723373402
548.5623015805509
542.7684156950089
529.4849937034596
527.1589620254122
522.5026688921932
523.3881697256486
515.6694009843019
521.9536804293963
519.1734158250267
517.0431328726784
517.4283076682603
505.651944723959
498.7024850132981
478.49323539555587
475.6078754960712
462.6921266438337
474.3351072749996
474.10089703483015
483.1645779250447
496.25641863050487
509.48068482922963
522.3805952794213
527.5936641976825
522.7729709471366
523.4943714824653
525.2946585525399
522.8025373245096
523.4687020832316
515.9222183295253
518.6890682409048
516.240135900041
495.67102944511515
506.1990902121662
284.15590407464657
321.1654660093966
548.2894086631765
677.2158086793204
665.5956485244645
579.8194378996075
532.7817242540846
526.8721972141843
525.7103773907993
525.7435965920663
525.3568330070768
525.8681444252422
524.7486333573204
525.0146899651648
523.6231153230706
524.0978236555007
522.3751004972335
522.0171663202271
520.9620905070843
520.9120808310761
520.7548227441498
518.5614718987231
516.3182180072139
515.4268604073537
516.5464225916751
515.4456430803864
515.5350684451676
513.5762761673309
515.3622960665949
514.8392994148014
513.6219220306393
516.3823290235696
518.0164076419285
519.3618082174755
523.9441317965384
527.7645712177497
525.8882970412806
525.6918017949178
518.9029960438385
516.2211070887184
513.8996559182448
511.542467583978
513.7344962492482
518.8385115698497
510.58914251566125
517.1456615867422
511.0638566586498
510.1352586556158
489.6584706684748
484.3411674159631
472.31437626732213
462.8923187049054
468.8598656749135
476.4412478292445
480.81749137134443
497.60266877143727
508.9451341034901
527.084558062973
527.3199940721365
525.4481942961055
526.7828881134067
521.5468064339216
523.0377833030866
524.7494193097131
523.5131033250881
521.4255960220505
522.480019871988
492.12103127884586
453.7812290541924
296.28179350953263
321.80737025390295
669.1809810353659
694.422018054863
647.6605673264738
565.8462673667493
529.444116686379
527.8228939998066
527.2065446527524
527.5865227326279
527.6591794104977
526.6825820356978
524.4246181493668
522.6268628220605
523.5715025715205
523.5664167173436
522.929524824821
519.4449383431144
518.6404703024516
518.190808886415
516.7663838643255
514.164215838586
515.5930168995375
514.7993008401235
513.8554239012577
513.6374680914487
519.4829744741597
520.8443089971008
524.0326949633532
523.4777369779038
525.2339386911843
529.4265017467894
535.253067477065
534.4705606577346
535.6558426183392
534.1503437256977
527.5004647917476
521.4763513353283
518.2749935444082
520.1080981577701
519.0289527422595
520.6819772998647
523.264772924602
525.0066927155924
525.497686709588
521.1084288736762
527.5092587300121
495.31258607674295
493.39924359129157
488.58207698445324
462.8690307203185
477.3080022291541
466.41071704549256
496.4859741148416
475.3127296772464
520.9449032922574
511.336204448286
530.2576369598773
530.4168984292714
533.0676429421316
521.7882869646706
524.1299560989376
533.831364479279
525.5427878690987
531.3506405011905
523.9944441425243
527.0090571692626
448.3259830334455
359.8280515629039
328.6661664921292
343.4846250113857
757.3641000443505
697.8249542524686
601.3580605780579
531.2028005109717
524.1223297432919
526.7852836157352
527.52601798961
526.8837981044932
526.4164918374192
527.4591953332406
526.6336506446478
527.4813495758933
526.5988652169095
522.9830034931149
522.6542243473464
520.7964009672103
518.406414458736
517.2019650239454
516.8643558787983
514.5485793842561
515.00984544979
514.1356800423455
513.3444036377426
517.5641961335632
519.1545619259218
518.6301445914846
516.0971383960571
518.7739254784203
523.7537522789866
523.4868229606527
525.3299396574099
523.0696434940133
528.6504874641957
536.4638360126388
543.1214285479473
534.8018800770753
524.4101653172866
526.8400306330649
524.734565071727
521.8788002252676
531.0583273340526
523.7483017414501
535.3791947269814
521.267214527847
519.9207501835335
500.57588742184555
491.8529231145296
475.03070514261736
476.7647780223281
483.9135281517762
477.83064714963234
497.1203232454899
500.17541566123646
534.2377265543055
540.0244131993916
542.8130011195681
539.83761806711
548.5232291652028
542.0907359640271
537.7744485251073
536.8901213187601
545.6677745775559
539.6233934414481
535.914432320983
470.6698397429857
348.3430574461852
331.0340456930606
335.76145054075397
696.9331968323461
662.2552431018009
601.3245320163016
552.7078580124643
540.2329807205776
540.1032646248375
538.9854272240351
538.9238087820925
538.1268348680894
538.530203023143
538.4484592124438
536.6370681195926
535.5055399130064
534.6895729448642
535.8715053260754
534.1674985307858
533.266797278109
533.1242548800872
533.5265011697741
530.2785449543135
530.3354364862394
531.3878545092473
534.0379983208109
536.0116682711894
536.9553571956868
544.3472966698167
543.6509122740572
552.8939989242097
550.2801342138355
553.5971687903034
555.0506600199441
560.0359391757697
553.8933241932613
553.1638223494535
547.0806307159415
534.4494788975105
531.3679437696524
526.1682981532856
522.9666856402017
527.4368816008737
521.9643788346559
527.5559093091524
523.7715788707422
517.1556934057994
515.8850100432867
495.27238440351414
483.24407067653743
476.7978547108287
463.9504631400207
469.14918245568595
479.7288950164152
475.5891803644726
501.3222523888961
509.7686831688367
525.5101418507755
528.5682593132051
529.9559248460433
523.3682257376479
528.345152690355
523.5078172242578
523.6539346286563
525.3436565264515
523.8973040181764
522.0825294037502
498.05478968801253
460.88522415578154
299.69863008255356
312.8831791949493
390.19005233556345
679.189035802146
649.2411053978094
568.572583081165
531.9855926022348
529.1814966668202
529.9736372431688
528.3302367219784
527.8449105209426
525.841146606471
525.5778564399433
525.6197315371743
523.8666515217437
524.3222766431411
522.5096937393992
522.2612063924765
520.4277184387009
521.847372460446
519.512893812744
521.0819765359786
519.9580880163967
517.3982588260214
515.4868924654527
516.6724880291506
514.2969307947874
516.9061389819315
515.572994956877
515.3501092444269
518.2892956819027
517.2504950512226
520.2658368577596
522.1446731532045
527.632568522337
530.3141527954374
534.0314314797023
528.4521025064176
534.1316692348471
525.9953094742079
530.0390501739123
521.521161932698
525.2474448982831
518.1067804070497
522.1677828706512
515.296521313164
518.9711259145276
508.9551853889308
502.0680552419261
486.4978577130472
484.0865370246893
467.7597402854693
482.93119583522605
483.8997171844543
491.53910794791886
506.12471370853956
518.6741267592648
533.2194533308864
537.8849515287286
538.8834144168404
533.0080682460332
536.0205795655835
529.6217488617987
534.2341005188706
526.2759997248158
525.4492148829289
522.5076956769922
510.63302919548
536.0529470157537
287.93677545771214
345.0861239329188
634.7656798235946
715.3700153696473
684.0552933588119
597.3199255469827
539.881438580788
532.2187733628424
531.5859706551446
529.9541939611219
528.4277981997392
529.6430155734527
529.1614114425589
528.3309507258734
527.3248986943945
527.7922319410752
527.9319662574846
524.5733022706718
524.9065098378338
523.5237552937734
520.4937691504447
520.0127932103894
519.1417413176656
520.2413794522222
519.8006376092052
521.7225441043986
521.314886166806
520.6511144769051
521.0883689218891
524.6347191050695
523.9808154466809
527.1720749262217
527.824545308184
531.4902022752347
534.052599604538
530.056360455687
529.7853800491887
523.1324776012166
524.9095229935363
521.943403721702
517.4504446467705
520.1797729280156
517.093035472981
522.2398870487447
515.6141492645119
521.2083073090802
513.3117620990898
508.2480308157856
491.88721343642624
488.4190732520811
472.93591659400965
463.9862850078493
477.8131375042241
475.3234724641549
486.442325370443
499.38111148241416
522.4207768128407
526.6885617652977
536.2832180130488
531.8086534957499
530.4725096088903
528.1853452874902
525.9938734534492
519.2612645644081
521.7600395715324
520.0045514797171
515.3755185199559
472.78638956793543
416.1081539131661
329.7060246321833
361.26970889185975
732.4676147869748
729.02993168288
659.8360380605673
565.3158195675669
527.7532748830887
529.4911836013459
526.5635005096473
525.6537635843841
525.9048369707829
525.9447437414851
524.9055392010247
523.0659292879241
523.5899578617052
524.3813901119697
523.067815040889
522.1094946516563
522.3257157687722
520.9710551742482
519.4556299244101
518.8869289805856
516.4182920425716
517.8137676007651
515.376132809179
515.0765581150779
516.43205046256
519.2292746913167
518.7389835986723
520.4456948257098
520.5711320349053
523.775625071972
522.1949797784364
524.4768108563195
527.6890929774204
526.3821262387088
521.789037809835
520.4540109750138
517.2555863271393
513.0506024993806
515.4244389986416
511.7552341742529
511.91817566745306
518.0390590143259
515.2906836652295
511.7006260674595
509.2422057621344
486.30500766345074
481.82530493775056
473.3763239332197
460.5029552615603
467.45568828065024
469.1184844155448
484.665666918744
483.426812255642
504.2451506001293
520.4268743252754
534.6831814202853
533.3838012733505
521.5171875193683
532.1212515684749
529.4882170652414
521.6139789387041
520.1413729797376
528.289026741416
525.815911575076
513.7242041931171
460.96694781581925
364.7699020245937
360.06385829898124
397.9622034762749
718.8985252836367
673.0179870474932
588.832580579461
535.4924437052181
526.8708610165734
527.6399511295897
524.667331922182
525.3989463926805
523.2767509860132
525.1830152776613
520.8217565345954
523.8403407053232
521.8680268429181
522.1279484175841
521.9452335721337
520.2137680919252
520.0480277877574
520.6618514512663
520.6779358599607
518.8490897575737
516.5649624260467
515.2045656854561
516.1809371253859
513.8218081696349
515.1654274045574
523.0666638080498
522.3493250707553
520.1218884365462
526.3030493917854
533.8344135282568
530.7398529939662
534.626584056529
534.2892530328917
533.9727018908536
531.078033136293
530.3233193771919
524.217496826351
529.735090213944
521.8015524465022
529.2907430532177
516.8629744679006
531.1122259989022
523.0767528764247
528.6980166869953
519.590146226576
499.2663419263264
487.90593681540867
480.7517920506218
471.2403258356681
474.14210366407895
483.0765334043183
486.5682449269127
510.91898050443615
516.8065637857219
534.9253628141452
535.8391252248255
529.8907728913572
534.0365833323532
535.8693651631183
529.7952535644897
531.212083285381
529.4339117704578
525.336092133291
529.7579059141851
490.51328975997274
431.10027856448846
347.50363354806484
371.5339423905183
656.1272629154969
680.5728348489033
637.8039361733532
572.340015071106
543.9564470628616
541.3050365684355
540.3906815546363
539.2355746669441
542.078812211586
540.0827214361993
540.4938554531036
539.605663472329
538.6178887727035
537.344470544018
537.7356411137598
537.5934461773695
537.9756458032974
536.2313812781617
535.3193584284095
532.2269326071083
530.527047668103
528.1005988265321
527.0911685218914
527.5220585960261
527.6060016854206
529.9199964254485
529.6715935378759
532.2996253270508
533.8375212641664
538.2171653964924
541.2486161880928
540.024178369838
542.8056681913758
541.1575559293723
541.1456587450836
534.4035330994898
528.5625745247839
524.5688322315088
522.0329939293532
519.5352948595255
518.9082484167473
513.8851122639913
514.0597178556862
512.0985100543714
511.26909744478075
498.64827268436443
478.7314548249751
477.38707115647514
460.72095475116146
466.55537973554794
469.4123809505477
474.1378815949228
489.31300950786743
498.74606532556993
519.0213421230844
528.4965155704643
527.1335278713558
525.726303361569
525.1959602958341
523.3558732717307
521.9275459946832
520.2865565853315
519.3600364824325
523.0441438082561
512.9534216718077
493.2481580655324
414.7696231534684
400.3131935628222
437.9786497868714
704.9295621075706
713.611055326214
635.4870094577976
555.9293567095293
532.525855601162
528.886775809519
529.490733696105
528.2163002049531
528.7879319070439
528.0873444126938
529.2202037861753
526.1222287735666
528.2676214684211
529.0576418407969
527.4365336402368
527.3450217346738
527.5353473986704
526.1899590768376
524.0108429742011
522.4215947685543
520.5850888277013
520.3653648632412
518.6979128340231
517.860494767051
518.1978017649582
516.0700080261458
518.0374522428435
516.2537605516086
516.8391045043251
518.0635794227105
524.0885800177807
526.1052003297821
528.9754179581537
533.3540350971529
530.0433058767184
531.9950182451179
525.2124275876539
521.0428259051785
523.1876249864118
522.0768540787537
523.2657653846516
513.7485926495228
524.0154082158323
517.3205809412352
520.684409413064
502.63819054477716
491.1082162270145
486.859633739488
469.06129961287843
473.03177176024127
480.66909185184875
487.680758171451
499.7193223465418
506.9299400628571
534.3571022205444
533.7776183729795
541.0869457218027
537.9001815408449
540.5016081728555
539.1427171075718
535.4767260126662
534.5837478753341
532.278127755079
531.1875182664335
519.5245936948519
483.8646883291865
403.41959536679053
377.84174731703405
422.9081688921709
717.7429589208894
697.3116812554483
618.3542902857034
545.8743548632269
530.8831847209108
531.0114383414823
527.6027862474851
529.8014190425083
528.6522099719325
527.0643805505296
525.2605645910834
525.9031054901873
525.8356416833459
525.2529480433394
524.2899220523062
524.0434162875858
524.2993957360483
520.9793863073552
519.5029478520264
519.2842622889538
518.3974514919564
518.8858109468415
521.1985929689322
521.0677184770541
524.7388739402529
522.874484966592
523.793693715251
524.7552699700389
525.8984346272915
527.5810044608795
529.9985043970557
529.6191579000529
532.4611840366008
533.1410177792608
531.3489531018353
524.0514784162588
520.8687378138021
524.4685546740241
517.3811657208855
521.7927903819849
523.3550987760887
524.7342392920125
521.4887148633384
523.7462339953018
519.3271466946289
489.03921829026876
492.78237772111856
470.9884758405557
475.12084005934275
466.9567213840871
489.2547727751115
473.5937561675566
512.5439206368924
513.1320263626501
535.0911047595786
528.3651390874351
539.0378088408854
528.8446794230335
537.4492569300395
531.1380872878506
532.0912407822625
531.124004753099
526.8830226906143
526.120163886047
499.0192782137921
413.50929270590285
317.633917177643
327.0480513875028
553.8352717377352
612.9887621001474
588.1479037657646
548.2743369410936
529.001363121828
526.6038487731123
526.8807868579022
525.7929985047821
526.2453221099347
524.3501110253707
524.2829153939371
522.9033863771012
523.2772773856605
521.821565189883
523.195229255382
521.4416875413772
521.6764993691771
519.5449373951016
519.1380222932428
517.5623871712646
513.1284747946745
514.3920579800438
514.1950739214141
514.0585187121358
514.3680382388776
516.9545885071466
516.5681529964086
514.5973938261021
522.577508336513
523.630605649495
527.5992813897117
530.8411610150987
536.9641455600463
533.1073394447623
531.4039007861544
536.366347279947
526.8124923543552
520.6800544872297
521.5360927184227
520.2562118021511
527.3081842051715
512.6278988995186
519.2501138797143
509.63191629906225
526.9458783069867
498.4209097373266
496.5362023364845
475.2256022785102
472.93209302080487
461.1990063844272
481.9390715796701
472.612532239444
500.5376200217969
494.9605613417153
523.4398952183931
525.7422175792337
531.5834648827891
537.4759325896292
528.846272425556
530.2123022784695
530.7753592544404
524.2152895722011
535.470744981674
527.8927685967008
516.0803804092259
468.3981277064218
376.0699670902134
362.33782119666085
398.79415421984004
704.295404717361
684.7287164879513
616.7539782409574
551.9545512906664
532.2563180798243
531.6542745222927
532.0775907440393
530.2477766799119
529.9094060510771
530.4790666069557
530.8835748723918
532.3336027656148
532.9531226283091
530.8747112779417
532.150201523417
528.8288943866334
530.4288942618944
528.5878144189361
528.7900003636998
528.2142849588636
527.5249030139919
526.4095911639726
525.1458425641953
526.6594436227839
526.9434035292377
530.3520633177322
533.7777051419367
536.422472520122
536.0688782239681
535.9162489081896
540.5069221688311
543.625666150428
547.2245896898085
547.2217041706076
547.2041413395748
536.7107459721753
530.1346204248609
527.7451436273049
525.7322723603272
524.1797161940488
532.7678444294979
520.1981271530981
533.4454784606901
520.2300872779119
527.0966376535193
498.4045588956675
498.7425934329664
477.2550085689925
477.95733137113297
472.83892572438674
487.57824457781817
478.30756526272705
507.2031073423314
510.52863836324565
533.7613758527464
535.6699972516143
536.5957316268652
534.6691704250788
532.9924291180702
531.2178263642878
537.9263989546357
536.1472745221745
530.4325554593968
534.2092705949794
508.28671942839213
445.5744838826279
312.95844149147854
321.9959440666076
429.8150815467427
650.833174706096
631.8588225460771
568.6273806125757
540.1882261660036
533.498537597608
532.9863528889482
533.2546023987237
532.618574178088
531.0466999106766
530.3770533466198
531.519640279244
529.3605132167118
528.8022979223314
528.4264222091247
526.612043674381
526.656513149903
525.7283235390079
522.8426792571629
526.2291051701101
523.1927501066518
522.5799546287845
520.5532750710763
521.1014044127733
522.2684722391899
520.8609478242713
524.397758700049
526.0566360803523
526.956515580521
524.8519308252459
528.8237385007176
530.7356245573793
535.0642151957695
536.6484444295363
538.6848154714721
535.3582101746065
533.8411310368298
529.3720482216758
528.896185359653
522.8198071609946
525.9260629085784
524.482264240495
525.4286542761288
524.9742811914241
523.863162279913
523.6427140816188
492.9899948986866
489.9430747952053
477.3567558468164
472.1176287309005
475.67467247192405
487.98433134822255
486.0773928190614
510.3007109704779
516.2837969214293
535.0112738027212
536.1570174662068
538.2015531100592
536.176390875477
538.1440837118447
532.2658079627695
530.6595426946345
532.2293381981217
526.8952579046446
526.3074262346336
507.92104751114584
545.8439624717637
299.989265288045
380.66699494157655
656.4952123600281
746.9573749174617
701.2372782049306
602.637838779634
542.2267888943776
533.4738819584024
530.796237426405
528.5871155744771
528.1818388039043
527.6082793060825
528.5175864528512
527.0277768943392
529.2543417579512
527.8955651849757
527.79245653425
526.2626645650532
528.4416548204052
527.5894859940929
525.7741721337361
524.1753576454357
522.0926845634727
520.9709871236059
518.5749693472055
519.4509797501254
516.8960785813208
520.462938598549
520.4008359851678
522.0523123033098
523.6044431726659
527.640914829248
532.2289936887236
534.1002365014951
536.0392755831439
537.2461402616923
535.530555490599
534.1744651846413
531.8981483416583
525.9996571496838
530.8471182980355
521.6208126062644
523.6115551318775
520.842563032657
527.6771162641533
519.187487667685
524.5000515707949
509.5964894810933
496.6109109607542
485.4170966521697
474.69997319583035
464.07525191221896
479.96337593610116
482.08035804460536
486.7632180119565
510.3508076491735
517.3435570619786
541.289827687456
536.4528259188091
545.0728544428024
541.1047372752316
539.6038005722986
537.7299352980742
536.8164735325274
534.2377038287907
528.1703373892556
524.5714623771347
492.2355400855059
428.7993981818997
313.9001236712203
339.2392431960673
709.0499615710096
724.7560852577094
665.024911009291
572.1103117530427
529.7772883837316
526.6710115782311
526.6816497562418
523.9131460444002
523.2848538624883
524.4380207329439
522.7372006792916
522.2410346582716
522.2918801629203
522.9014851260803
522.1697801794365
521.0634197860038
520.9270935885925
519.6161346340007
518.0206327028274
516.6961260644807
514.356094846381
514.2101716342942
512.9691117631235
514.4167957320226
513.7413468726161
515.4447913177644
517.5318863721159
518.9678306025753
519.5921743217458
523.5041390376049
525.6303222330487
530.5516268744323
531.3894317541885
526.9181596018927
531.77471412029
528.3015746225424
525.5170556510107
518.2607980701848
526.7304198184661
524.3832070678117
534.184467923847
525.2665495789787
531.7632397692249
515.3923156131535
538.4217880462827
513.093228448182
500.8475153771217
476.88057609500635
480.12518305366353
464.2468642128141
483.08491195323927
478.0847341751828
497.51899071627554
499.9386537945593
530.6435801565198
544.752638582006
541.1850890188703
541.2658334296539
536.9745150867558
533.475754627449
540.9036434075892
533.6875571605543
540.5746716808934
539.1688127659027
527.0577754794315
490.1320473397627
429.430693281505
328.4362206865237
393.2922956333989
727.633606649971
721.2271709062109
641.8546416191028
561.7661500126183
529.4064542612585
524.7407926570402
523.442290882609
522.0678758576493
524.2605525124125
525.080663472945
526.8499110166368
524.1030557537775
525.0869148093195
527.5433441657667
526.6670940418309
527.2403574598987
527.5117503944404
524.6343941030086
524.4392225718434
522.4948950869036
523.4737517176216
523.9665851932014
522.0649661598386
522.3112898786601
522.34055562306
526.8759082182405
526.1917066433267
531.1326861122554
533.3909132035122
535.7374307090599
538.7241283914061
547.7821263544561
547.7108596794193
550.6463175713629
547.7848418062081
541.5480450483778
542.1478719538941
529.6759477644034
529.3105133292206
531.6129996635136
533.1303675788363
534.8258469119359
535.4805388436538
525.1939569839827
528.2233256700462
515.281102752709
505.06519015916984
494.58764465288357
476.64939161998103
476.1122468239047
480.13186405602585
483.39732950487695
494.2903956073395
506.88795087869397
529.9256843501522
539.7294777798107
543.7838809066454
536.8882892913037
542.3109113834498
535.4082606642364
538.404707305703
536.0898854155867
529.1457727728981
527.6915889113932
529.2428608976757
471.9443945765479
395.0106514991651
341.58016790271756
349.3669898090842
637.6701597282802
650.3380648091631
613.5042261990529
557.2961656781686
536.325196137961
533.2605779076325
532.4577873175859
531.6862657817007
531.5314799900453
530.0212941162769
531.656792882336
530.3458491055574
528.7089236407102
528.2768161966393
530.7926657456932
529.1341595091825
529.6078401970491
526.6776261988026
527.2903281750384
524.7774205375782
523.4048924254687
524.016792939671
524.0959831417713
524.3423370512942
524.8776210181063
528.4374709824223
531.6249261005873
535.2481397453557
536.4688662803358
541.8489931270074
545.647443707247
549.9442486632191
547.5556957036155
550.0284252868325
543.8961596068661
542.3772291045045
537.1620468942142
536.0945074379146
529.1208165720001
530.4662411363827
533.3889998522719
523.0713021046223
528.9689465406067
521.0117093784063
528.0001536807592
518.1209501790215
497.7710392542259
485.42146941041966
476.5033081448771
467.98543714885744
477.9235847855326
479.1903655481026
492.2107761682087
500.13546276044065
521.6901863088451
535.045053231929
541.4151932487305
538.3477977047698
539.5371621291365
535.0053207273781
535.5298694995739
531.2502843132668
529.0652453688659
527.2874608643522
525.6005327961075
506.6585538045309
569.3613968018661
265.6643371379209
334.51580322487393
701.2444614652528
762.6731834118049
712.5410924952006
601.0158159818704
541.7715006695407
530.7070341933793
528.263557872128
526.7763235692395
526.4010328021583
527.2829741759215
526.2359543704894
525.0764362917355
525.797670188518
525.6708510740991
523.2916343236118
524.8311926080521
523.8835184893818
525.0235592703044
523.4489105349353
521.0340076631226
519.7387551022298
517.6304840487811
517.5907103583659
515.2174329471634
516.5507904368575
515.7529223235701
517.5788965978134
518.72323615462
519.7813626641837
522.9486652396017
523.440542584183
532.1456109263708
533.2875629198836
538.2520930152768
537.6170344445293
534.2411121581677
529.2744926638932
528.3878871364805
526.7311980331774
528.7608341291182
523.2861583073465
527.1457800479013
525.0217429671787
523.2138487563178
527.1939765981904
523.7371251579689
505.90164548259486
493.55418102345686
485.2904060876789
467.3130678939697
478.038870170525
480.3378272336337
489.84850859676624
503.8151854133357
519.9990189140229
537.5136136737624
547.9945894650207
543.6476037077146
547.1808906855515
545.4234072725476
543.4806527920398
538.419566834569
537.7677150578413
529.6281112383048
535.7949024810891
511.3058641044802
448.9547573358863
317.0318813283672
346.3084955611362
518.8532358987342
659.6345694759166
643.0593206831644
584.3043047679073
536.5323513938815
530.0020724573463
526.2444361044211
526.8386959370093
524.7450514675864
525.3596910062433
525.0999403126805
524.0442598561724
523.7370840867361
523.7316499993135
521.8130427185514
522.1819659747786
519.7144100857199
519.3765953314929
518.3411971857615
518.0772203097648
517.1420178225196
517.4055386748917
516.3751278365237
515.6593016091401
518.4400803768149
520.7486593209595
524.0300400615637
525.624405061795
528.3346678857123
530.815849482197
533.9229482046372
539.9748573898576
543.7222753292001
542.7790205068623
539.8925039023397
535.7035505344938
531.1771964969997
526.8553264346965
519.1734699234339
525.8668366143072
520.0894449734025
